# 2點
2
61 194
578 367
# 3點：外心在界內
3
101 332
156 39
469 349
# 3點：外心在界外
3
123 354
231 315
442 353
# 4點：四邊形
4
61 339
107 529
252 239
259 513
# 4點：鈍角三角形內一點
4
147 334
280 153
293 273
467 351
# 4點：銳角三角形內一點，會發生錯誤
4
69 337
243 195
280 287
537 326
# 4點：共線
4
100 100
200 200
300 300
400 400
# 5點：五邊形
5
69 251
138 339
160 148
239 212
239 314
# 5點：五邊形，失敗
5
24 542
28 575
283 321
324 528
377 390
# 5點：四邊形內一點
5
183 365
266 336
273 151
413 336
435 470
# 5點：四邊形內一點，失敗
5
359 20
437 565
449 8
484 238
544 320
# 5點：共線
5
100 100
200 200
300 300
400 400
500 500
# 6點：六邊形
6
111 265
193 378
209 137
334 384
345 151
# 6點：六邊形，失敗
431 292
183 297
220 432
222 145
312 424
315 150
341 300
# 6點：五邊形內一點
6
80 224
172 394
196 76
238 240
371 143
402 327
# 6點：四邊形內兩點
6
159 306
213 169
226 257
379 247
402 148
405 348
# 6點：四邊形內兩點，失敗
6
146 317
206 148
251 277
329 227
380 383
400 119
# 6點：共線
100 100
200 200
250 250
300 300
400 400
500 500
0